543 
996 
297 
611 
579 
56 
891 
80 
906 
725 
666 
611 
654 
973 
462 
879 
930 
624 
415 
200 
796 
529 
560 
895 
838 
463 
463 
253 
878 
649 
980 
630 
320 
159 
489 
662 
589 
561 
646 
126 
851 
176 
984 
764 
694 
850 
499 
49 
19 
451 
76 
339 
836 
394 
103 
437 
28 
916 
770 
320 
119 
192 
253 
434 
3 
346 
741 
292 
171 
105 
436 
228 
880 
450 
968 
175 
631 
710 
152 
968 
165 
782 
773 
595 
396 
702 
623 
409 
536 
10 
844 
802 
95 
141 
707 
21 
253 
346 
451 
430 
722 
417 
847 
550 
944 
730 
719 
929 
83 
295 
700 
571 
793 
434 
230 
442 
294 
127 
479 
708 
385 
121 
482 
692 
739 
876 
231 
695 
142 
273 
204 
568 
270 
915 
749 
986 
407 
579 
996 
932 
300 
834 
649 
730 
946 
815 
95 
391 
450 
891 
525 
158 
808 
1 
139 
549 
823 
731 
7 
627 
274 
352 
445 
233 
627 
557 
509 
30 
103 
410 
212 
127 
372 
296 
794 
245 
934 
500 
404 
248 
624 
160 
168 
992 
243 
253 
188 
230 
224 
788 
444 
982 
400 
190 
66 
250 
970 
256 
781 
911 
340 
283 
438 
288 
435 
610 
215 
586 
274 
655 
849 
122 
147 
591 
838 
897 
600 
861 
394 
893 
660 
613 
501 
59 
272 
38 
825 
537 
53 
671 
769 
515 
367 
840 
867 
954 
255 
242 
490 
679 
424 
293 
778 
684 
460 
377 
457 
492 
997 
392 
911 
254 
155 
45 
162 
623 
585 
203 
129 
781 
736 
738 
909 
665 
903 
368 
349 
21 
648 
879 
746 
325 
579 
72 
930 
164 
308 
402 
502 
537 
490 
590 
19 
334 
576 
145 
437 
834 
240 
429 
47 
969 
917 
346 
186 
378 
140 
6 
920 
896 
794 
951 
131 
578 
346 
503 
432 
363 
542 
560 
470 
779 
878 
252 
716 
448 
155 
454 
352 
50 
609 
519 
35 
178 
132 
132 
613 
72 
949 
271 
210 
806 
448 
640 
294 
101 
865 
736 
70 
581 
589 
23 
619 
99 
425 
350 
60 
741 
172 
260 
699 
564 
537 
917 
940 
523 
964 
745 
956 
362 
461 
531 
507 
546 
208 
607 
429 
548 
418 
775 
18 
478 
713 
654 
492 
316 
811 
177 
831 
391 
275 
128 
815 
329 
809 
183 
792 
415 
625 
313 
6 
528 
227 
799 
547 
945 
979 
262 
492 
440 
30 
208 
372 
747 
282 
320 
128 
704 
717 
936 
928 
407 
684 
314 
537 
498 
419 
995 
222 
829 
108 
453 
845 
312 
265 
935 
663 
394 
32 
762 
725 
294 
458 
62 
351 
379 
976 
910 
647 
941 
29 
883 
380 
299 
931 
346 
250 
154 
95 
669 
41 
774 
778 
523 
306 
857 
65 
651 
577 
584 
218 
482 
394 
762 
874 
157 
833 
932 
574 
523 
868 
634 
578 
980 
135 
937 
181 
503 
570 
782 
246 
584 
721 
350 
100 
897 
782 
236 
325 
571 
728 
33 
223 
72 
258 
423 
448 
483 
613 
521 
